 590.00   74.00     587.43    69.42 
 22.00    254.00    10.38     219.37 
 229.00   240.00    217.43    216.37 
 316.00   219.00    305.43    199.37 
 476.00   210.00    465.43    199.37 
 77.00    386.00    58.43     354.37 
 166.00   301.00    151.38    274.37 
 348.00   380.00    329.43    362.42 
 494.00   315.00    478.38    305.37 
 560.00   337.00    543.43    330.42 
 30.00    494.00    5.37      459.37
 267.00   529.00    240.38    507.37 
 331.00   419.00    310.43    400.42 
 462.00   520.00    435.43    508.37 
 649.00   526.00    622.40    523.95 
 37.00    609.00    6.37      574.37 
 178.00   634.00    146.38    607.42
 403.00   601.00    372.38    586.37
